87
-37
-152
24
-126
194
166
-69
-80
11
-25
-86
133
1
-57
-26
-16
35
23
-34
-81
-68
-171
-78
48
82
-190
48
-200
-35
-40
142
142
21
-142
-145
-131
79
78
-2
-110
-71
192
-112
53
80
-60
178
50
169
-12
147
-20
-199
10
79
173
188
29
-67
-173
-188
166
10
143
-106
-133
8
-144
102
46
2
-82
166
-179
-19
-130
-104
27
-106
46
-22
87
24
-111
51
85
19
-104
-43
144
-75
99
-159
-16
-42
119
-162
106
-91
126
31
-41
-11
158
-70
-83
-97
169
109
149
67
-141
-134
-163
-124
109
-154
161
134
-170
-143
-180
-191
-130
-139
-1
-190
56
-91
-6
170
-93
29
118
-43
91
27
-81
31
7
-12
178
-173
15
-103
54
177
50
65
-32
-28
178
181
16
115
88
88
177
39
-44
37
-8
-154
16
146
-19
172
80
-50
-74
-162
162
-95
160
175
117
26
-34
59
-166
-191
148
-101
-62
160
-198
-7
73
137
42
137
5
85
180
157
20
-163
-16
37
77
-199
193
-89
19
148
143
5
-153
74
-200
170
-156
-31
-147
120
3
93
1
-22
40
76
129
-188
-160
57
-119
-24
-134
-78
-33
122
-90
40
32
-181
-144
-3
-74
-145
-197
194
-186
-53
52
-150
-185
172
-173
192
67
158
-112
147
-6
116
-157
53
-71
-189
157
-122
9
49
-75
-59
-80
79
-32
21
110
-180
171
113
48
38
-106
-192
116
103
49
-195
94
-35
51
-62
163
189
164
-94
43
-183
-87
72
43
122
133
-152
168
166
-75
-47
-157
178
82
-39
24
191
-124
-177
67
91
-122
80
-193
-69
-179
-88
20
102
-102
-186
112
30
144
191
156
-180
-174
-109
147
25
190
170
-32
-98
-4
-166
-155
84
105
-32
-22
-167
-37
199
-181
182
62
168
158
-43
128
-115
-155
-155
-48
112
-184
49
156
200
-134
49
-57
-56
-39
-107
-81
0
78
156
-198
35
78
62
137
-171
-187
-108
-186
98
-121
169
-53
-44
-5
-145
156
-66
-42
149
-54
122
91
142
-138
173
140
117
164
21
-182
-116
-43
28
187
-86
-26
110
-74
64
40
-59
-148
85
-75
50
-79
-199
-172
78
65
73
189
-162
-66
-42
23
119
101
185
-164
115
64
-43
134
-99
131
-5
48
25
-122
153
-75
72
-79
21
97
-105
55
-134
30
-79
120
161
-110
-78
138
-16
99
-29
145
22
189
-109
-52
-186
61
-99
-18
90
125
-53
-194
185
170
61
176
145
51
-4
103
-105
-178
65
-125
189
-16
-151
-199
132
78
170
152
-177
-81
-123
34
44
86
164
135
-88
37
14
-91
79
-55
-100
181
70
-40
129
-140
-31
164
171
-111
39
-172
133
138
-156
-139
116
165
-148
-81
175
-149
143
-170
21
-77
9
-54
92
-180
-2
86
148
-14
-29
-24
115
131
-92
-186
102
113
-81
24
-29
87
-62
-160
-30
-151
-89
-159
139
-157
192
70
-94
149
188
-191
142
-67
-112
-68
172
39
6
195
-149
-80
26
-139
-118
6
67
-159
63
-155
-184
49
172
-111
135
162
100
8
-71
144
13
181
-177
48
115
195
103
113
134
-130
-200
55
183
104
53
-4
-16
-137
159
20
-42
-47
-147
197
64
192
-75
46
156
88
76
172
67
-96
196
-28
24
54
76
-119
163
97
-23
-126
-180
-159
168
-125
-96
98
166
153
30
104
61
-174
197
-113
195
-185
-32
89
61
-17
29
89
-111
37
-134
119
22
-190
109
8
-151
75
172
-106
196
29
-147
86
194
156
-187
188
140
-162
-88
20
-162
54
158
55
-168
50
-24
-87
54
-12
104
34
-147
162
1
131
-32
-119
-138
-38
-105
2
145
-7
-48
182
160
-114
-58
-46
70
50
133
29
106
-147
-1
7
-6
196
-126
-190
168
-45
-110
-200
-4
-192
39
-154
-65
28
-172
-121
-138
78
-93
9
186
-47
-181
197
152
200
-49
125
-32
-186
141
158
-138
135
-176
12
187
41
50
-100
163
-13
97
-129
29
-125
-133
11
-79
90
-172
-185
140
-167
-128
-25
186
116
-192
31
6
-170
19
25
109
-156
1
72
-180
-167
-128
65
80
-174
150
145
-60
70
151
-78
-128
-1
129
-191
114
189
-144
4
-172
-194
115
27
-63
-45
-116
24
118
100
180
-11
161
-28
111
-124
144
115
170
177
33
185
192
173
160
-189
191
78
14
-126
13
-100
64
146
7
-128
137
71
-43
73
110
103
-45
-64
-69
-6
99
-54
-166
136
-156
6
27
-128
-60
133
-66
33
61
173
156
-5
-38
-17
-134
6
-146
-119
191
164
-142
-184
-80
-44
155
-29
54
-90
63
-48
44
-48
-107
-17
81
-144
77
-42
29
26
-100
-104
61
189
134
-200
-162
22
88
165
-188
32
174
-3
107
172
-149
111
128
-145
60
37
24
195
-70
184
152
141
-16
-141
148
39
134
-34
-133
-164
160
-131
-59
46
162
16
-20
-58
-32
165
-179
-31
-91
-64
-69
-108
75
195
132
-118
76
63
25
60
45
115
-82
122
-101
-17
31
168
-181
141
43
-10
-2
54
-190
147
-183
128
23
182
33
184
85
-98
19
93
-114
128
-142
-154
-75
36
-6
-113
86
93
-63